function [xgd_table] = dam_ucdata2 (mpc)
xgd_table.colnames = {
    'CommitKey', ...
    'CommitSched', ...
    'MinUp', ...
    'MinDown', ...
    'PositiveActiveReservePrice', ...
    'PositiveActiveReserveQuantity', ...
    'NegativeActiveReservePrice', ...
    'NegativeActiveReserveQuantity', ...
    'PositiveActiveDeltaPrice', ...
    'NegativeActiveDeltaPrice', ...
    'PositiveLoadFollowReservePrice', ...
    'PositiveLoadFollowReserveQuantity', ...
    'NegativeLoadFollowReservePrice', ...
    'NegativeLoadFollowReserveQuantity'
};

xgd_table.data = [
    1   1   1   1   5       250     10      250     1e-9    1e-9    1e-6    250 1e-6    250;
    1   1   1   1   5       250     10      250     1e-9    1e-9    1e-6    250 1e-6    250;
    1   1   1   1   5       250     10      250     1e-9    1e-9    1e-6    250 1e-6    250;
    1   1   1   1   5       250     10      250     1e-9    1e-9    1e-6    250 1e-6    250;
    1   1   1   1   5       250     10      250     1e-9    1e-9    1e-6    250 1e-6    250;
    1   1   1   1   5       250     10      250     1e-9    1e-9    1e-6    250 1e-6    250;
    1   1   1   1   5       250     10      250     1e-9    1e-9    1e-6    250 1e-6    250;
    1   1   1   1   5       250     10      250     1e-9    1e-9    1e-6    250 1e-6    250;
    1   1   1   1   5       250     10      250     1e-9    1e-9    1e-6    250 1e-6    250;
    1   1   1   1   5       250     10      250     1e-9    1e-9    1e-6    250 1e-6    250;
    1   1   1   1   5       250     10      250     1e-9    1e-9    1e-6    250 1e-6    250;
    1   1   1   1   5       250     10      250     1e-9    1e-9    1e-6    250 1e-6    250;
    1   1   1   1   5       250     10      250     1e-9    1e-9    1e-6    250 1e-6    250;
    2   1   1   1   1e-8    800     2e-8    800     1e-9    1e-9    1e-6    800 1e-6    800;
    2   1   1   1   1e-8    800     2e-8    800     1e-9    1e-9    1e-6    800 1e-6    800;
    2   1   1   1   1e-8    800     2e-8    800     1e-9    1e-9    1e-6    800 1e-6    800;
    2   1   1   1   1e-8    800     2e-8    800     1e-9    1e-9    1e-6    800 1e-6    800;
    2   1   1   1   1e-8    800     2e-8    800     1e-9    1e-9    1e-6    800 1e-6    800;
    2   1   1   1   1e-8    800     2e-8    800     1e-9    1e-9    1e-6    800 1e-6    800;
    2   1   1   1   1e-8    800     2e-8    800     1e-9    1e-9    1e-6    800 1e-6    800;
    2   1   1   1   1e-8    800     2e-8    800     1e-9    1e-9    1e-6    800 1e-6    800;
];
endfunction
